https://app.asy315.vip/query?code=391932000042050151,391932000042050151,764425076035,391932000,042050151,7,3
https://app.asy315.vip/query?code=286969070340090259,286969070340090259,765258347344,286969070,340090259,7,3
https://app.asy315.vip/query?code=185674070341020255,185674070341020255,823019553467,185674070,341020255,1,9
https://app.asy315.vip/query?code=114147070046060759,114147070046060759,312958045866,114147070,046060759,9,1
https://app.asy315.vip/query?code=782176000247080756,782176000247080756,305611394684,782176000,247080756,9,1
https://app.asy315.vip/query?code=123621050141010053,123621050141010053,825840989738,123621050,141010053,7,3
https://app.asy315.vip/query?code=134702060547070959,134702060547070959,903965522664,134702060,547070959,3,7
https://app.asy315.vip/query?code=532848080541000654,532848080541000654,795850376111,532848080,541000654,8,2
https://app.asy315.vip/query?code=453176030742050358,453176030742050358,817579863092,453176030,742050358,1,9
https://app.asy315.vip/query?code=763536050046050055,763536050046050055,452865308729,763536050,046050055,5,5
https://app.asy315.vip/query?code=939658000346070258,939658000346070258,604063960630,939658000,346070258,5,5
https://app.asy315.vip/query?code=872072060046010659,872072060046010659,608899750493,872072060,046010659,7,3
https://app.asy315.vip/query?code=461097050649040650,461097050649040650,173651411174,461097050,649040650,4,6
https://app.asy315.vip/query?code=406198030541040855,406198030541040855,575829256523,406198030,541040855,5,5
https://app.asy315.vip/query?code=708528030942020256,708528030942020256,157687128031,708528030,942020256,9,1
https://app.asy315.vip/query?code=942340050349020759,942340050349020759,796464069822,942340050,349020759,3,7
https://app.asy315.vip/query?code=837828040242050151,837828040242050151,538437643816,837828040,242050151,3,7
https://app.asy315.vip/query?code=763559000445010956,763559000445010956,742168914332,763559000,445010956,9,1
https://app.asy315.vip/query?code=400111060947030654,400111060947030654,753104878119,400111060,947030654,3,7
https://app.asy315.vip/query?code=776641060740060650,776641060740060650,593652684426,776641060,740060650,7,3
https://app.asy315.vip/query?code=206639060341060053,206639060341060053,964400681558,206639060,341060053,9,1
https://app.asy315.vip/query?code=753594030946060659,753594030946060659,992833552329,753594030,946060659,1,9
https://app.asy315.vip/query?code=581574090041070252,581574090041070252,753076011790,581574090,041070252,5,5
https://app.asy315.vip/query?code=590107060943070751,590107060943070751,436845566953,590107060,943070751,2,8
https://app.asy315.vip/query?code=698625090549090259,698625090549090259,197997927852,698625090,549090259,2,8
https://app.asy315.vip/query?code=527098000541000355,527098000541000355,766238639539,527098000,541000355,8,2
https://app.asy315.vip/query?code=760987090443070751,760987090443070751,595620593993,760987090,443070751,3,7
https://app.asy315.vip/query?code=885496050241020055,885496050241020055,687838013180,885496050,241020055,5,5
https://app.asy315.vip/query?code=859026030145080054,859026030145080054,808733809290,859026030,145080054,8,2
https://app.asy315.vip/query?code=265504070749090359,265504070749090359,365812336684,265504070,749090359,8,2
https://app.asy315.vip/query?code=485759010646060851,485759010646060851,144115304609,485759010,646060851,1,9
https://app.asy315.vip/query?code=437752070141070155,437752070141070155,718158879927,437752070,141070155,7,3
https://app.asy315.vip/query?code=549764050342010857,549764050342010857,269981617658,549764050,342010857,2,8
https://app.asy315.vip/query?code=477125080444010250,477125080444010250,876511595403,477125080,444010250,9,1
https://app.asy315.vip/query?code=811593050340050858,811593050340050858,496995168800,811593050,340050858,3,7
https://app.asy315.vip/query?code=390082080448030656,390082080448030656,403774923241,390082080,448030656,9,1
https://app.asy315.vip/query?code=977324070841080354,977324070841080354,196974517815,977324070,841080354,4,6
https://app.asy315.vip/query?code=568453000241000456,568453000241000456,937221245099,568453000,241000456,3,7
https://app.asy315.vip/query?code=682032060948060750,682032060948060750,264261278962,682032060,948060750,9,1
https://app.asy315.vip/query?code=654486070045070652,654486070045070652,738915625623,654486070,045070652,5,5
https://app.asy315.vip/query?code=555997040843060454,555997040843060454,259294533734,555997040,843060454,1,9
https://app.asy315.vip/query?code=548701070343060155,548701070343060155,216966492737,548701070,343060155,4,6
https://app.asy315.vip/query?code=401607000649040054,401607000649040054,890186867330,401607000,649040054,3,7
https://app.asy315.vip/query?code=193954040846080656,193954040846080656,225237876220,193954040,846080656,7,3
https://app.asy315.vip/query?code=139240070140030155,139240070140030155,521570751527,139240070,140030155,4,6
https://app.asy315.vip/query?code=194321060041090150,194321060041090150,121676227900,194321060,041090150,1,9
https://app.asy315.vip/query?code=235420000143030551,235420000143030551,240767533554,235420000,143030551,9,1
https://app.asy315.vip/query?code=394251050045040555,394251050045040555,583940535321,394251050,045040555,5,5
https://app.asy315.vip/query?code=220969060647070954,220969060647070954,453184781209,220969060,647070954,4,6
https://app.asy315.vip/query?code=261938020042090651,261938020042090651,113731100915,261938020,042090651,3,7
https://app.asy315.vip/query?code=195249060748010157,195249060748010157,622538648450,195249060,748010157,6,4
https://app.asy315.vip/query?code=538786030943060654,538786030943060654,394244404700,538786030,943060654,8,2
https://app.asy315.vip/query?code=588548000540090456,588548000540090456,897904210506,588548000,540090456,7,3
https://app.asy315.vip/query?code=417068030142090058,417068030142090058,350317068600,417068030,142090058,1,9
https://app.asy315.vip/query?code=371612040448010452,371612040448010452,139103899440,371612040,448010452,6,4
https://app.asy315.vip/query?code=562358050643020455,562358050643020455,104438607450,562358050,643020455,1,9
https://app.asy315.vip/query?code=768239020548010050,768239020548010050,398042799753,768239020,548010050,4,6
https://app.asy315.vip/query?code=120655040445010354,120655040445010354,730812264975,120655040,445010354,3,7
https://app.asy315.vip/query?code=885990090548050754,885990090548050754,491565099879,885990090,548050754,1,9
https://app.asy315.vip/query?code=609053040443070057,609053040443070057,432319554592,609053040,443070057,5,5
https://app.asy315.vip/query?code=994165080444040654,994165080444040654,153041640253,994165080,444040654,4,6
https://app.asy315.vip/query?code=959386050943030458,959386050943030458,467039773700,959386050,943030458,9,1
https://app.asy315.vip/query?code=400157010144090755,400157010144090755,932621848577,400157010,144090755,4,6
https://app.asy315.vip/query?code=619713030241000159,619713030241000159,898371791608,619713030,241000159,7,3
https://app.asy315.vip/query?code=105587060343070852,105587060343070852,133163136276,105587060,343070852,7,3
https://app.asy315.vip/query?code=881238090141080651,881238090141080651,559529805945,881238090,141080651,8,2
https://app.asy315.vip/query?code=193403030446080358,193403030446080358,903646101942,193403030,446080358,4,6
https://app.asy315.vip/query?code=435481040044020351,435481040044020351,352380213872,435481040,044020351,5,5
https://app.asy315.vip/query?code=645972090447070357,645972090447070357,772763598820,645972090,447070357,4,6
https://app.asy315.vip/query?code=428149070340000159,428149070340000159,741141702976,428149070,340000159,9,1
https://app.asy315.vip/query?code=370361050049060158,370361050049060158,640919962495,370361050,049060158,2,8
https://app.asy315.vip/query?code=266016090649090652,266016090649090652,316558768612,266016090,649090652,3,7
https://app.asy315.vip/query?code=661138030448060153,661138030448060153,917244807275,661138030,448060153,9,1
https://app.asy315.vip/query?code=839520060340020550,839520060340020550,188205603624,839520060,340020550,1,9
https://app.asy315.vip/query?code=659925010946080257,659925010946080257,110440004929,659925010,946080257,9,1
https://app.asy315.vip/query?code=351219080045020352,351219080045020352,367603933687,351219080,045020352,9,1
https://app.asy315.vip/query?code=752869090545000050,752869090545000050,818607256469,752869090,545000050,5,5
https://app.asy315.vip/query?code=963967080840040156,963967080840040156,194111435058,963967080,840040156,2,8
https://app.asy315.vip/query?code=891581030044010757,891581030044010757,748961065294,891581030,044010757,5,5
https://app.asy315.vip/query?code=146551050544060352,146551050544060352,635893819462,146551050,544060352,3,7
https://app.asy315.vip/query?code=124995060741070052,124995060741070052,542407498936,124995060,741070052,6,4
https://app.asy315.vip/query?code=265687020743020558,265687020743020558,859899351185,265687020,743020558,9,1
https://app.asy315.vip/query?code=394619020142030357,394619020142030357,847979543808,394619020,142030357,9,1
https://app.asy315.vip/query?code=171440000242080756,171440000242080756,239917600243,171440000,242080756,1,9
https://app.asy315.vip/query?code=145384080445000857,145384080445000857,708461142106,145384080,445000857,3,7
https://app.asy315.vip/query?code=620531040649040459,620531040649040459,394093690965,620531040,649040459,7,3
https://app.asy315.vip/query?code=661376090543060654,661376090543060654,341783099155,661376090,543060654,3,7
https://app.asy315.vip/query?code=903108090344050552,903108090344050552,957089370858,903108090,344050552,7,3
https://app.asy315.vip/query?code=808348030747060951,808348030747060951,958831520583,808348030,747060951,8,2
https://app.asy315.vip/query?code=397081040141020658,397081040141020658,920861958253,397081040,141020658,3,7
https://app.asy315.vip/query?code=837093020245060757,837093020245060757,484790731708,837093020,245060757,1,9
https://app.asy315.vip/query?code=149721000140040653,149721000140040653,940668648119,149721000,140040653,8,2
https://app.asy315.vip/query?code=129896000044060553,129896000044060553,568336218725,129896000,044060553,5,5
https://app.asy315.vip/query?code=658041030549020750,658041030549020750,860279958363,658041030,549020750,2,8
https://app.asy315.vip/query?code=425850070946080252,425850070946080252,663038968582,425850070,946080252,7,3
https://app.asy315.vip/query?code=803950070348070855,803950070348070855,541575394284,803950070,348070855,6,4
https://app.asy315.vip/query?code=238459000540040451,238459000540040451,333996597766,238459000,540040451,5,5
https://app.asy315.vip/query?code=100740050344040450,100740050344040450,742648871880,100740050,344040450,4,6
https://app.asy315.vip/query?code=811606060642000056,811606060642000056,936287214497,811606060,642000056,7,3
https://app.asy315.vip/query?code=863397030546060856,863397030546060856,830571097616,863397030,546060856,3,7
https://app.asy315.vip/query?code=915982020345070256,915982020345070256,281039608191,915982020,345070256,4,6
https://app.asy315.vip/query?code=992827030147010556,992827030147010556,688170897192,992827030,147010556,8,2
https://app.asy315.vip/query?code=675292020244070150,675292020244070150,133658167391,675292020,244070150,9,1
https://app.asy315.vip/query?code=941167030341020755,941167030341020755,462396620126,941167030,341020755,7,3
https://app.asy315.vip/query?code=261224010248090452,261224010248090452,309919301952,261224010,248090452,2,8
https://app.asy315.vip/query?code=153022060543040953,153022060543040953,886431149116,153022060,543040953,2,8
https://app.asy315.vip/query?code=867891090646010753,867891090646010753,917399119973,867891090,646010753,2,8
https://app.asy315.vip/query?code=795164020042020655,795164020042020655,735266969065,795164020,042020655,5,5
https://app.asy315.vip/query?code=705197070347040250,705197070347040250,493574471501,705197070,347040250,5,5
https://app.asy315.vip/query?code=126618030146090354,126618030146090354,680785318164,126618030,146090354,4,6
https://app.asy315.vip/query?code=250550020144030753,250550020144030753,998064948901,250550020,144030753,4,6
https://app.asy315.vip/query?code=768446070845000859,768446070845000859,222571707872,768446070,845000859,4,6
https://app.asy315.vip/query?code=924194040947090752,924194040947090752,662429305109,924194040,947090752,6,4
https://app.asy315.vip/query?code=167730020141020651,167730020141020651,480599533976,167730020,141020651,7,3
https://app.asy315.vip/query?code=460931060349090751,460931060349090751,957606157634,460931060,349090751,3,7
https://app.asy315.vip/query?code=513350090641000853,513350090641000853,348243104739,513350090,641000853,8,2
https://app.asy315.vip/query?code=667944030045050950,667944030045050950,320139924358,667944030,045050950,2,8
https://app.asy315.vip/query?code=886442080842070455,886442080842070455,354754361135,886442080,842070455,4,6
https://app.asy315.vip/query?code=360952090640070751,360952090640070751,699549135363,360952090,640070751,7,3
https://app.asy315.vip/query?code=535957070444020151,535957070444020151,472775929260,535957070,444020151,1,9
https://app.asy315.vip/query?code=291859030741080852,291859030741080852,295095721684,291859030,741080852,1,9
https://app.asy315.vip/query?code=385698010441080658,385698010441080658,483992325797,385698010,441080658,7,3
https://app.asy315.vip/query?code=276831050440020859,276831050440020859,454486211126,276831050,440020859,5,5
https://app.asy315.vip/query?code=638844000143020156,638844000143020156,271191558221,638844000,143020156,5,5
https://app.asy315.vip/query?code=841423040342090652,841423040342090652,228155193591,841423040,342090652,2,8
https://app.asy315.vip/query?code=807627030843080754,807627030843080754,794592154695,807627030,843080754,6,4
https://app.asy315.vip/query?code=577921090740040250,577921090740040250,876165404797,577921090,740040250,2,8
https://app.asy315.vip/query?code=396164090345010454,396164090345010454,409384621276,396164090,345010454,1,9
https://app.asy315.vip/query?code=741322050543020754,741322050543020754,577608851278,741322050,543020754,1,9
https://app.asy315.vip/query?code=316945020740070056,316945020740070056,369274817880,316945020,740070056,5,5
https://app.asy315.vip/query?code=524402020847020354,524402020847020354,948418282549,524402020,847020354,5,5
https://app.asy315.vip/query?code=667269020347010354,667269020347010354,707103935901,667269020,347010354,2,8
https://app.asy315.vip/query?code=675167040948070156,675167040948070156,146838085251,675167040,948070156,3,7
https://app.asy315.vip/query?code=920883040243020355,920883040243020355,498272242295,920883040,243020355,5,5
https://app.asy315.vip/query?code=151814020749020859,151814020749020859,331738265308,151814020,749020859,4,6
https://app.asy315.vip/query?code=285310030946050851,285310030946050851,134040427510,285310030,946050851,5,5
https://app.asy315.vip/query?code=734571050848080459,734571050848080459,196509056158,734571050,848080459,6,4
https://app.asy315.vip/query?code=713814050845030259,713814050845030259,701414310874,713814050,845030259,3,7
https://app.asy315.vip/query?code=553854090948060455,553854090948060455,555737606480,553854090,948060455,2,8
https://app.asy315.vip/query?code=723111020046030051,723111020046030051,470605525297,723111020,046030051,4,6
https://app.asy315.vip/query?code=285683010747060354,285683010747060354,926419651417,285683010,747060354,7,3
https://app.asy315.vip/query?code=296311020744040859,296311020744040859,770738449833,296311020,744040859,1,9
https://app.asy315.vip/query?code=425841060049050255,425841060049050255,419147478859,425841060,049050255,4,6
https://app.asy315.vip/query?code=787142010242050254,787142010242050254,478725814075,787142010,242050254,9,1
https://app.asy315.vip/query?code=541488060945080355,541488060945080355,103864006310,541488060,945080355,1,9
https://app.asy315.vip/query?code=683834070044070450,683834070044070450,295810755095,683834070,044070450,4,6
https://app.asy315.vip/query?code=240339010042040553,240339010042040553,326704757165,240339010,042040553,2,8
https://app.asy315.vip/query?code=172108030346040555,172108030346040555,669696808283,172108030,346040555,5,5
https://app.asy315.vip/query?code=126380000648060652,126380000648060652,683336339361,126380000,648060652,8,2
https://app.asy315.vip/query?code=927419040940070052,927419040940070052,743574306555,927419040,940070052,6,4
https://app.asy315.vip/query?code=995464030540070251,995464030540070251,196717521872,995464030,540070251,4,6
https://app.asy315.vip/query?code=493853010445010751,493853010445010751,980480317285,493853010,445010751,5,5
https://app.asy315.vip/query?code=141150030841080654,141150030841080654,330841644907,141150030,841080654,3,7
